$ANSIBLE_VAULT;1.1;AES256
61643934383561636634666131613165326238666437356239326137323762626531366332303533
3761303862643564623163633965663866326261376561380a653866623332663735393237326238
65386533646531343033396533303461343533393262626637636235326165366337383133646232
3531626561613663630a323035366436653032323264373063323231633461353934333734366433
32333162653937373637636662643838303339373765383536646363326632333661373938626566
39326538386633393536313964643631383637333735306432626464393162383461633638333031
30346564643631663531613566363066646230346238663135323436333163636232633139336131
34333839356637323330373861616636356338626532343664346437316137373261633965333932
64303038616362353733383066306533356336303933343132373332333831316664363133643637
66626436343361383430316462316438326537636263303766613432643766663966663261646365
35343530323136623137396161656162353266623732616137363535373532643534306435373934
33626337396536616339346461616462633630353132346664306138313832373031633332663664
32306536363035663261383432343236663063353139393166656630333165646461306462333732
34633461396666306431623731386336333134396635623934376264376562303361386636333333
32616234633161303634643364393665656132333437646333666338303431303833656636363338
39633966363537353763353061386263366461643832393034393435343138383732376532623131
62353864363865663933363064623965613962383631343364366532356232616566376538636335
32333931363932616532623262343339623133626335366234636636326238303737363239313166
30666130646661386364316265373665393766663565623235303336613134333162613832323563
38623630663434333130323762303838353538373830376265616164346535376663623162646364
61336162623934373930663163613736366235363561353531653234353937656332633933336237
36636537626634613534623135623737376264313962333132343732616132626664316237323632
62373035306562316534303634333261383635313637346262323334643036316161666463323731
66643439373431653432
