$ANSIBLE_VAULT;1.1;AES256
65623965643834383339636461366538663336306466336132626232613539303538623066333434
3035323665666239303033353134643035316165376337640a356662663336316538623233643635
39343031323863343161306139666539616232633038653933663132373134613038393838356635
3434326462653362660a316334376165663836383263313736346364643534343232663763303036
64303933333662323138316637633166373239323434343034613835396461633965333534633131
30333164303866393465626636313564366561303966363033646331303731313839373866376465
33356434633333643030666662366462663164613433323832383233616561663164346166326231
30613133383165326435393733356635626266383433633233396430383266636465653532366335
61376261393034313632646132653438396430376230313764356433383163303538636631656430
36343735636334333732353865653861386165653736626339616439666536373931363232346365
31633537623365313735393065636138626565336665316136616437336665636431646464363761
37363438616166376634333737373433336561326539623564626261666466633861373234633936
34356534633964666162656465653265343130313033313936373564653235636265356466326334
32666232666365393038323034656133386661346161663739643133623637333739613539343166
62383030366433663138346165393138336236626337653339366336313739306537323865373565
32626139313430643339663166663266653562383432396361616230376338323637326635356365
37323963303366323739626263653037326431636666626666363538353734323638333239383963
64663531623764386232663236343365386562393461393932313234303735333039666262363962
30333962313131333436623833646134356530343061323666326465656232363436663931343738
63323264633065626130383262646136633130323639333966633035303035303234636230326233
38383361636163376132343338303732383337396565363431623736663637363235633761663832
61626466383636623866366363626231653539313962643735663432323061363630646231376461
38393363616133323932656565306464313834666531366638376366616439343430613261353165
39373335303463656262386261663464373130613730386133623761613562643930363730636633
34366261636638383464366261666339316437353837313630306539633366643066316239373439
37333137306337633565633833663262383466353862633761663038313564333833336265376536
38613566656334346334623664366632353935346261366266316235316635616663666537616163
65373730323030326563333136356163383065343633313731326433663461633263316465633032
34333765373234333964663532636637363032303864326637313233333932386430393334643863
36613462653366363533376439383232393339373663653564646161326630313934386236373339
65376365633864653562396236393435323164636336353862303963666636366137653339306663
39623636633130393238633461643265666263343938656361323165623933626339663236643033
64316139323664656363316566363835363630316236313065613266313161326630383963626230
30313732396466636330376433396662646562623036396164633561653439653530626566336335
64663238393366373839303036636665363039376262366164663034646335616564653035393634
61353362336439356130343332653864326438386531383437626562653039633736366261653662
38613235666637326138633665363830663930326134363538646639303032666439646665396161
36326334653263663730343966656335666366613130353636333731633637323136623562343263
65343639393861323466333363366131666462616436333732666330363535623834613336383265
32316237363738373564663564386363316166643764613466363631303733396136383932636636
37643866376538643336623139333834323534323466323065336437323139303463383562626235
31333062306430363035623464653234303165643633363936326566383365353236633936353464
32646335313130656335333661356363633965663163633561656465313232636137653333343962
31646537646232646662393136363231643366643763363230633762643330363630613464393064
36636165633661373930323530336161613830643231316233363630646131653666393035663335
36653466366239313031396331373361386635613933623962316164343836636233653436323234
62643166366264653961623234363762333734353439306162346232383461626566313331626230
63356531366364306230626461313130323737373566363234356133333038353039366634323934
61636232656231313261316331623838663730396462316635306231306438336331383635613733
66663231323032663335613765336365343661353165396535393737346161323961366164633735
62373361663435376330333166393966386463346238393038613739626639386639616235666434
65616361393632393466373366303065363538363063646237623462376336383865663565616364
39333430613235653234386665326537633233346636356534303039663665646539346465633462
66663139313536353834306161613161316666303833366132653134373264323665313065613636
32636135313131623530666233613563643933343932613965316432376639663636376465316666
39646337356266653739626461303564646137656233383833353530666466623563656165623061
33336363333338336566653662323365666266353464376637343333393430653466386132303237
38636537613731616531663035626138626536623364636364356335343866373931663038613937
39386362623863386434343965666437623865313531663639616365333764653932333930616337
66656630353363373131396664363830343134663538653934653038613534653137626433656437
65343333326239643962333364633639646461643533316632366136633262346133393336383239
35366338356531346162393665386465613665363165323430373435333365613136616130393336
65343434323964636464643833353331643231323438393161636566373439323237383165383363
34613862313330666264333830623831306363633064656566393864656263653336636139613133
38633536613731363862613964636337626338613039636632313832363530373561643238323131
37626465393834316464616563356130396433636533306237336630323638646234306566626439
39346635346631373836646235326365363562386634393763386262343531383137623233613065
34326234613837306434343634613863393965636163663934363665366564396536373964393264
32326264353662616262353362323266363131623966613862663334303433343732323430376539
63653830366633353438333561643764653432333732633533383861323136616332663731363631
63303066666331626130386430353839373163336334326361633161663765373132346432383230
38613232363732333136336238306433653037316133356639653861316262653265336331356630
65326463303333653730353461623565643338623766616438333066626237356230306633396266
35666462396161316262353537356639333131393065393762663165373433363131373634326135
65666637373433633564616439646134623438653630643130316363633835613130313163623034
32353063353438383061623539383631373762343164613763666332383032316131323462393661
34323130306631313638643063353539666365336661333263316161306164396364333337383233
62326430316131383633306233643930383161383039613936316638363639663136323663303566
30626261656632346564333962633431383662643863323038643739636364656631373531376664
37633536393534626264313038663138303362323561303734366635363333343133666439613932
36663061343630326464613061623136623037343838356339646330656539653664386330333939
63643536646231633031356339666433613637613165613736366335383965316538373438366232
30303462343639663061316266376236623135356462613733353761363531356432613334643839
65383435373231393936306565336437653938346636346435343663643032353463643130323761
39353030646265643366386533343435356664333238646661383031636131366131396539386362
39646133313866353465333564363137386165386635653932336562323366336161363566656361
34303337633134623637646437643736313930393466353530383563636239313233326165336561
35613939333436386138356363623763363830366665633132376630303031626639613136393761
64323830663963396135663064303435306430656130633364376638316231346431323532356161
62623731643664323331343533666233633936353762623334396533363438336139353865636139
64636561323933353037306630626164383762393633373735386633363836366330376337373166
36326463323861333231363234353039373331313131383730623263623731333466626533636231
37396438396461653963333935643831613539383831336634326465373664376534366134616230
38376564366235306633623065663934376336306666313439346164633261373437613666303231
34663731363364643464323534323737623030326334346536383665333138343763333362616366
65303730336166643930393839336437626431323233373062363035623263613063653363373635
36393461323730663866383535613738643562353061376261373630643432303634363631376566
63643939383737393033616339313532333163636365626465386162343962663031653565383764
33633866383932313137613332366531363765343063376361633631313464356364366264646531
33653439336138303033356338393934613436366138336334656539666566373131313534626662
61643535303966633566353838366138383037633565396265373338666532353961626336613764
61613938303931313130356332366666666632653731336135643965663466303765323934363734
36396166613435343662643037303434323836333637376463393761306566383936633931323162
65383661626131633834316334613863623432336139376234326334393663393139353063643265
63336533326364333462656333373930313635626363303863316662373563323366383662623239
62346634386130386233623936323430356462393736343530626134306562373862366338346538
32323135313130306564616136656531323533633564323939616363643561366531643630343738
66653166373065386536326564386665633435656637323032323633303637653938666133303434
32636132616132623764373131653830313634373465643239666661346165643239336634353262
32353464653063636637623364666438363236663062326363363631363137646639343734303234
36663038633935393236363634363137313134393830323936393733616663313436663335313934
62313566663836353062343531663839386564373033663439643463613965656539326666653032
63393062326163663361303839623464306566326435636664323336613930353761356366653764
33333837393939366530346564336239663035333133383232663933643730346230313634663963
32323736383431393062336534643463636537306464626161646234336630323462386131656430
30346566643936343734313532633838353161333665633230396461313066666336326532356264
63633839383764396137383964666437353137623634643035396235396262633136356364393731
62373632353134386564623364313136633164616431643133396231363164663966633730613034
35303761323431633535356139643830626530366561623239363337363834376133633065323036
36623934306533316633343832653463613736383664613665373231356639323439396365386531
30346362383562316263373839353863383734313932373061373132326630633364386333396661
66383164386131356165653138373563653932613466353465303664346466323630316162653032
66366661613538303865306437316264643461346136333437653035386261636639333464343638
32663337643066623864373562383435333463313464393937643361663039633930373062653938
65383837326266326235613735396439663638623166363437633231336333663765633031653065
39656538363237353337656462616234336238323034376666323837383234623131626662303264
35633862333132383966616264626632363030383233653638323439313861643661623734666130
39653661383935363934353637393066343633303531313365643134633032633262316533663838
32613861373831633337393138316161326532356530396163636266346237346636653066636336
64333133633638306539626462616636383061653065613532306238313933386166316237663136
30353732363930303432363533393331373062663234303063353239663236353538333461666363
33363736353031316639373039656637613164356161343639663636313066333337366161343066
66616337646532663263616161623363316436303139313734396639333639633039666636363466
6335336162623134333038623332393832663636343964663832
